#loops: 1, version: 1.03e
#block offset (GiB), MiB/s, time
0.00 23.15 11.058
0.25 38.12 6.716
0.50 40.67 6.294
0.75 27.83 9.198
1.00 28.50 8.982
1.25 35.52 7.207
1.50 27.68 9.249
1.75 23.79 10.762
2.00 35.80 7.152
2.25 36.51 7.011
2.50 35.77 7.157
2.75 34.76 7.366
3.00 33.67 7.604
3.25 37.59 6.810
3.50 33.25 7.700
3.75 35.24 7.265
4.00 32.93 7.774
4.25 34.92 7.331
4.50 37.13 6.895
4.75 38.52 6.646
5.00 35.63 7.185
5.25 35.65 7.181
5.50 34.33 7.457
5.75 31.35 8.167
6.00 32.09 7.977
6.25 27.11 9.445
6.50 44.11 5.804
6.75 36.26 7.061
7.00 38.27 6.689
7.25 33.63 7.613
7.50 35.95 7.121
7.75 35.03 7.308
# Read 8 gigs in 245 seconds, 33 megabytes per second.
