#loops: 1, version: 1.03e
#block offset (GiB), MiB/s, time
0.00 40.66 6.296
0.25 21.30 12.018
0.50 18.00 14.220
0.75 19.48 13.144
1.00 20.80 12.310
1.25 17.04 15.021
1.50 12.51 20.468
1.75 15.23 16.810
2.00 35.19 7.274
2.25 17.49 14.640
2.50 17.82 14.362
2.75 18.64 13.735
3.00 19.40 13.195
3.25 21.67 11.816
3.50 16.68 15.351
3.75 21.53 11.888
4.00 59.19 4.325
4.25 27.86 9.190
4.50 28.62 8.945
4.75 25.52 10.032
5.00 23.65 10.823
5.25 23.60 10.847
5.50 28.81 8.885
5.75 26.84 9.539
6.00 57.43 4.457
6.25 30.47 8.401
6.50 28.60 8.952
6.75 27.96 9.156
7.00 33.06 7.743
7.25 29.57 8.658
7.50 24.16 10.594
7.75 31.01 8.256
8.00 62.81 4.076
8.25 35.98 7.114
8.50 41.19 6.216
8.75 35.16 7.282
9.00 40.27 6.358
9.25 45.41 5.638
9.50 35.27 7.258
9.75 30.35 8.434
10.00 71.15 3.598
10.25 36.32 7.049
10.50 40.82 6.272
10.75 34.71 7.375
11.00 30.55 8.379
11.25 34.20 7.485
11.50 30.52 8.388
11.75 34.40 7.443
12.00 62.41 4.102
12.25 38.13 6.714
12.50 31.88 8.030
12.75 34.29 7.466
13.00 33.21 7.710
13.25 34.15 7.497
13.50 34.94 7.328
13.75 40.94 6.253
14.00 64.46 3.972
14.25 25.01 10.236
14.50 24.29 10.539
14.75 23.08 11.091
15.00 30.46 8.406
15.25 36.29 7.054
15.50 27.22 9.404
15.75 32.89 7.784
16.00 78.69 3.253
16.25 47.96 5.338
16.50 41.26 6.204
16.75 38.30 6.685
17.00 30.95 8.273
17.25 31.29 8.181
17.50 27.93 9.166
17.75 28.77 8.899
18.00 55.68 4.598
18.25 34.50 7.421
18.50 31.11 8.230
18.75 35.44 7.224
19.00 36.43 7.027
19.25 29.50 8.677
19.50 28.59 8.954
19.75 30.03 8.524
20.00 56.79 4.508
20.25 27.01 9.477
20.50 30.61 8.363
20.75 32.15 7.961
21.00 40.08 6.388
21.25 25.77 9.934
21.50 22.14 11.564
21.75 28.31 9.042
22.00 63.97 4.002
22.25 28.53 8.974
22.50 39.98 6.404
22.75 32.78 7.811
23.00 31.49 8.129
23.25 35.03 7.308
23.50 32.45 7.889
23.75 33.64 7.611
24.00 53.03 4.827
24.25 32.11 7.972
24.50 31.39 8.155
24.75 33.97 7.536
25.00 33.30 7.687
25.25 21.76 11.767
25.50 25.09 10.203
25.75 27.34 9.362
26.00 56.84 4.504
26.25 26.17 9.781
26.50 30.60 8.367
26.75 28.46 8.995
27.00 27.51 9.305
27.25 27.97 9.154
27.50 25.14 10.184
27.75 25.69 9.966
28.00 63.39 4.039
28.25 23.28 10.998
28.50 45.44 5.634
28.75 36.13 7.085
29.00 35.42 7.227
29.25 39.83 6.428
29.50 35.08 7.298
29.75 44.15 5.799
30.00 53.79 4.759
30.25 45.84 5.585
30.50 41.27 6.203
30.75 32.99 7.760
31.00 39.67 6.452
31.25 43.78 5.847
31.50 38.02 6.734
31.75 37.66 6.797
32.00 63.59 4.026
32.25 34.12 7.503
32.50 35.85 7.141
32.75 41.43 6.179
33.00 34.86 7.343
33.25 34.40 7.443
33.50 33.32 7.684
33.75 37.50 6.827
34.00 57.79 4.430
34.25 46.61 5.492
34.50 39.77 6.437
34.75 47.45 5.396
35.00 39.39 6.498
35.25 35.30 7.252
35.50 34.45 7.432
35.75 41.86 6.115
36.00 47.37 5.404
36.25 38.11 6.717
36.50 37.22 6.879
36.75 35.80 7.151
37.00 43.88 5.833
37.25 40.03 6.395
37.50 37.67 6.796
37.75 36.77 6.962
38.00 40.05 6.392
38.25 34.92 7.331
38.50 44.09 5.807
38.75 41.95 6.102
39.00 35.52 7.207
39.25 32.81 7.801
39.50 43.54 5.880
39.75 35.01 7.312
40.00 67.84 3.774
40.25 36.53 7.008
40.50 36.14 7.083
40.75 40.01 6.399
41.00 40.48 6.324
41.25 42.76 5.986
41.50 39.60 6.465
41.75 36.49 7.016
42.00 57.53 4.450
42.25 39.96 6.406
42.50 39.74 6.442
42.75 37.16 6.889
43.00 35.19 7.276
43.25 33.79 7.577
43.50 34.30 7.464
43.75 38.24 6.695
44.00 63.95 4.003
44.25 45.86 5.583
44.50 42.44 6.032
44.75 40.40 6.337
45.00 40.05 6.391
45.25 35.66 7.179
45.50 31.44 8.142
45.75 41.92 6.107
46.00 73.90 3.464
46.25 43.27 5.917
46.50 38.03 6.731
46.75 45.71 5.601
47.00 44.56 5.746
47.25 44.93 5.698
47.50 42.68 5.997
47.75 47.65 5.373
48.00 81.52 3.140
48.25 41.87 6.114
48.50 48.60 5.267
48.75 40.96 6.251
49.00 39.94 6.409
49.25 38.24 6.694
49.50 38.69 6.616
49.75 38.36 6.674
50.00 64.67 3.958
50.25 38.99 6.565
50.50 39.17 6.536
50.75 43.11 5.938
51.00 35.56 7.199
51.25 41.70 6.139
51.50 35.69 7.172
51.75 41.62 6.151
52.00 55.54 4.609
52.25 47.63 5.375
52.50 40.73 6.285
52.75 41.35 6.191
53.00 39.39 6.498
53.25 34.40 7.441
53.50 42.72 5.992
53.75 43.58 5.874
54.00 64.32 3.980
54.25 39.64 6.459
54.50 46.70 5.482
54.75 46.21 5.540
55.00 37.01 6.918
55.25 46.72 5.479
55.50 37.23 6.876
55.75 37.27 6.870
56.00 60.48 4.233
56.25 42.33 6.047
56.50 34.83 7.350
56.75 44.37 5.770
57.00 38.01 6.735
57.25 37.34 6.856
57.50 38.30 6.683
57.75 35.80 7.151
58.00 71.81 3.565
58.25 37.09 6.903
58.50 34.84 7.349
58.75 34.88 7.340
59.00 42.57 6.013
59.25 35.98 7.116
59.50 37.21 6.881
59.75 35.75 7.161
60.00 87.14 2.938
60.25 43.08 5.943
60.50 36.18 7.076
60.75 34.78 7.360
61.00 33.24 7.701
61.25 40.59 6.306
61.50 38.52 6.646
61.75 35.17 7.279
62.00 50.95 5.025
62.25 34.97 7.321
62.50 38.25 6.693
62.75 35.23 7.266
63.00 34.60 7.400
63.25 36.92 6.933
63.50 37.69 6.792
63.75 38.44 6.660
64.00 76.69 3.338
64.25 35.48 7.214
64.50 34.56 7.406
64.75 35.67 7.177
65.00 33.93 7.544
65.25 35.50 7.211
65.50 37.66 6.798
65.75 39.16 6.538
66.00 72.31 3.540
66.25 33.78 7.578
66.50 36.84 6.949
66.75 38.59 6.634
67.00 36.11 7.090
67.25 34.81 7.354
67.50 32.14 7.964
67.75 29.14 8.784
68.00 59.22 4.323
68.25 31.13 8.222
68.50 29.20 8.768
68.75 28.89 8.861
69.00 37.76 6.779
69.25 46.45 5.511
69.50 38.53 6.644
69.75 36.23 7.066
70.00 63.45 4.035
70.25 31.93 8.018
70.50 39.08 6.551
70.75 33.28 7.693
71.00 32.18 7.956
71.25 29.49 8.682
71.50 40.19 6.370
71.75 42.95 5.960
72.00 72.15 3.548
72.25 35.57 7.197
72.50 39.97 6.405
72.75 34.94 7.327
73.00 33.85 7.563
73.25 38.72 6.611
73.50 34.17 7.492
73.75 30.62 8.361
74.00 76.08 3.365
74.25 39.19 6.532
74.50 34.66 7.386
74.75 45.28 5.654
75.00 42.49 6.025
75.25 37.73 6.785
75.50 36.98 6.923
75.75 33.94 7.543
76.00 70.84 3.614
76.25 33.41 7.661
76.50 38.61 6.630
76.75 32.46 7.887
77.00 40.37 6.341
77.25 43.44 5.894
77.50 32.74 7.818
#77.75 ++++ 0.483 
#78.00 ++++ 0.408 
#78.25 ++++ 0.302 
#78.50 ++++ 0.290 
# Read 78 gigs in 2248 seconds, 35 megabytes per second.
